Balkans  (1238,877)  (1202,912)  (1202,876)  (1273,913)  (1238,841)  (1274,841)  (1274,877)  (1200,840)  (1237,948)  (1242,805)  (1310,869)
Solomon Islands  (3158,1771)  (3193,1772)  (3229,1772)  (3265,1775)  (3120,1772)  (3083,1753)  (3049,1730)  (3122,1806)  (3154,1808)  (3191,1807)  (3224,1807)  (3262,1807)  (3163,1844)
Marshall Islands  (3129,1497)  (3128,1461)  (3164,1461)  (3165,1497)  (3092,1475)  (3095,1510)  (3059,1509)  (3095,1537)  (3130,1532)
sea zone UK STF  (951,2262)  (915,2297)  (915,2261)  (986,2298)  (951,2226)  (987,2226)  (987,2262)  (913,2225)  (879,2309)  (879,2273)  (1022,2298)  (1023,2220)  (1023,2256)  (877,2237)  (843,2309)  (843,2273)  (1058,2292)  (1059,2220)  (1059,2256)  (841,2237)  (1094,2292)  (1095,2220)  (1095,2256)
sea zone 8  (553,718)  (584,754)  (548,754)  (518,682)  (554,682)  (584,790)  (548,790)  (518,646)  (554,646)  (584,826)  (548,826)  (518,610)  (554,610)  (590,602)  (626,602)  (662,593)  (583,862)  (547,862)  (518,574)  (554,574)
sea zone 7  (691,673)  (655,708)  (655,672)  (700,637)  (736,628)  (629,744)  (772,622)  (772,658)  (655,780)  (808,614)  (684,816)  (648,816)  (686,852)  (650,852)
Argentina 
sea zone 9  (414,767)  (451,753)  (378,780)  (342,799)  (340,836)  (375,817)  (412,805)  (449,790)  (376,854)  (456,717)  (409,852)
sea zone 4  (1466,83)  (1430,118)  (1430,82)  (1501,119)  (1466,47)  (1502,47)  (1502,83)  (1428,46)  (1465,154)  (1394,121)  (1394,85)  (1537,119)  (1537,155)  (1501,155)  (1464,11)  (1500,11)  (1536,11)  (1538,47)  (1538,83)  (1392,49)  (1392,13)  (1428,10)  (1572,0)  (1358,113)  (1573,155)  (1573,191)  (1537,191)  (1574,36)  (1574,72)  (1356,77)  (1356,41)  (1356,5)  (1608,0)  (1566,227)  (1610,36)  (1320,82)  (1320,46)  (1320,10)  (1644,0)  (1646,36)  (1284,75)  (1284,39)  (1284,3)  (1438,274)  (1498,280)  (1680,0)  (1248,76)  (1248,40)  (1248,4)  (1716,0)
sea zone 3  (960,130)  (924,165)  (924,129)  (995,166)  (960,94)  (996,94)  (996,130)  (922,93)  (959,201)  (923,201)  (888,165)  (888,129)  (1031,166)  (1031,202)  (995,202)  (887,202)  (958,58)  (994,58)  (1030,58)  (1032,94)  (1032,130)  (886,93)  (886,57)  (922,57)  (1066,24)  (959,237)  (923,237)  (852,166)  (852,130)  (1001,238)  (887,238)  (851,238)  (851,202)  (958,22)  (994,22)  (1030,22)  (1068,60)  (1068,96)  (1068,132)  (850,94)  (850,58)  (850,22)  (886,21)  (922,21)  (1102,0)  (965,273)  (929,273)  (816,166)  (816,130)  (893,274)  (857,274)  (821,274)  (815,238)  (815,202)
sea zone 6  (851,438)  (815,438)  (886,474)  (850,474)  (814,402)  (850,402)  (887,432)  (886,389)  (896,510)  (778,393)  (814,366)  (850,366)  (886,353)  (897,546)  (781,330)  (817,330)
sea zone 5  (1104,544)  (1068,568)  (1109,508)  (1140,553)  (1145,493)  (1105,579)  (1113,473)  (1149,460)  (1132,423)  (1167,423)  (1127,388)  (1135,350)  (1166,321)  (1171,355)  (1160,393)  (1198,387)
W. Canada  (3656,270)  (3691,306)  (3655,306)  (3644,234)  (3680,234)  (3692,270)  (3716,210)  (3727,306)  (3727,342)  (3691,342)  (3655,342)  (3642,198)  (3678,198)  (3728,246)  (3714,174)  (3736,378)  (3700,378)  (3642,162)  (3678,162)  (3714,138)  (3736,414)  (3700,414)  (3640,126)  (3676,126)  (3712,102)  (3736,450)  (3700,450)  (3638,90)  (3674,90)  (3710,66)  (3736,486)  (3700,486)  (3693,30)  (3729,30)  (3736,522)  (3700,522)  (3736,558)  (3700,558)  (3664,562)
Finland  (1241,189)  (1257,225)  (1221,225)  (1232,153)  (1268,153)  (1277,189)  (1304,130)  (1254,261)  (1313,166)  (1256,297)  (1220,321)  (1280,333)
Yajut SSR  (2243,44)  (2207,79)  (2207,43)  (2278,80)  (2243,8)  (2279,8)  (2279,44)  (2205,7)  (2242,115)  (2206,115)  (2171,79)  (2171,43)  (2314,80)  (2314,116)  (2278,116)  (2170,116)  (2315,0)  (2315,36)  (2169,7)  (2242,151)  (2135,54)  (2350,72)  (2350,108)  (2350,144)  (2314,152)  (2278,152)  (2351,0)  (2351,36)  (2133,18)  (2386,72)  (2330,188)  (2294,188)  (2258,188)  (2387,0)  (2387,36)  (2423,0)
sea zone 2  (517,332)  (551,368)  (586,403)  (481,295)  (443,261)  (442,297)  (478,331)  (513,368)  (551,404)  (441,332)  (477,367)  (515,404)  (444,224)  (478,258)  (515,294)  (478,222)  (514,259)
sea zone USA STF  (3394,2261)  (3358,2296)  (3358,2260)  (3429,2297)  (3394,2225)  (3430,2225)  (3430,2261)  (3356,2224)  (3322,2309)  (3322,2273)  (3465,2297)  (3466,2220)  (3466,2256)  (3320,2237)  (3286,2309)  (3286,2273)  (3501,2292)  (3502,2220)  (3502,2256)  (3284,2237)  (3537,2292)  (3538,2220)  (3538,2256)
sea zone 1  (121,410)  (85,441)  (85,405)  (156,446)  (121,374)  (157,374)  (157,410)  (79,369)  (49,432)  (192,457)  (156,482)  (134,338)  (170,338)  (43,396)  (43,360)  (79,333)  (206,315)  (242,289)  (249,325)  (205,279)  (253,253)  (285,318)  (307,354)  (320,390)  (343,344)  (356,380)  (392,382)  (401,418)  (417,454)  (430,490)  (466,498)  (480,534)
Sardinia Sicily  (920,1091)  (891,1054)  (926,1055)  (955,1091)  (925,1126)  (961,1126)
Libya  (1138,1349)  (1101,1350)  (1093,1315)  (1126,1313)  (1161,1311)  (1175,1346)  (1200,1313)  (1087,1385)  (1120,1385)
Nenetsia  (1752,104)  (1716,139)  (1716,103)  (1787,140)  (1752,68)  (1788,68)  (1788,104)  (1751,175)  (1680,160)  (1680,124)  (1680,88)  (1774,32)  (1810,32)  (1824,68)  (1824,104)  (1846,18)  (1644,163)  (1644,127)  (1860,54)
Kazakh SSR  (1787,949)  (1751,984)  (1751,948)  (1822,985)  (1787,913)  (1823,913)  (1823,949)  (1749,912)  (1786,1020)  (1750,1020)  (1715,984)  (1715,948)  (1858,985)  (1858,1021)  (1822,1021)  (1785,877)  (1821,877)  (1859,934)  (1713,912)  (1713,876)  (1749,876)  (1680,1055)  (1750,1056)  (1720,840)  (1756,840)  (1652,971)  (1728,804)
Sweden 
Holland Belgium  (887,672)  (851,701)  (851,665)  (922,708)  (887,636)  (923,658)  (815,698)  (959,662)
Kansu  (1973,672)  (1937,704)  (1937,668)  (2008,708)  (1973,636)  (2009,636)  (2009,672)  (2037,744)  (2001,744)  (2005,600)
Siberia  (2760,117)  (2724,152)  (2724,116)  (2795,153)  (2760,81)  (2796,81)  (2796,117)  (2722,80)  (2759,188)  (2723,188)  (2688,152)  (2688,116)  (2831,153)  (2831,189)  (2795,189)  (2687,189)  (2758,45)  (2794,45)  (2830,45)  (2832,81)  (2832,117)  (2686,80)  (2686,44)  (2722,44)  (2866,11)  (2759,224)  (2723,224)  (2867,153)  (2867,189)  (2867,225)  (2831,225)  (2795,225)  (2687,225)  (2758,9)  (2794,9)  (2830,9)  (2868,47)  (2868,83)  (2692,8)  (2651,233)  (2902,0)  (2759,260)  (2723,260)  (2903,253)  (2867,261)  (2831,261)  (2795,261)  (2687,261)  (2931,289)  (2759,296)  (2723,296)
Poland  (1244,662)  (1208,696)  (1208,660)  (1279,698)  (1244,626)  (1280,625)  (1205,624)  (1243,732)  (1288,734)  (1241,590)  (1191,588)
Tunisia  (993,1326)  (1026,1326)  (959,1325)  (960,1287)  (992,1287)  (1026,1292)  (954,1258)  (961,1357)  (996,1361)  (1028,1359)  (972,1391)
Italian East Africa  (1392,1695)  (1356,1730)  (1356,1694)  (1422,1731)  (1392,1659)  (1428,1665)  (1354,1658)  (1458,1701)  (1320,1709)  (1494,1675)
Northern USA  (45,751)  (9,786)  (9,750)  (79,787)  (45,715)  (7,714)  (81,698)
Tsinghai  (1924,819)  (1888,854)  (1888,818)  (1959,855)  (1924,783)  (1960,794)  (1886,782)  (1909,890)  (1995,830)  (1995,866)  (1897,746)
Venezuala 
Central America  (23,1127)  (0,1091)  (0,1055)
Western Austraia  (2722,1918)  (2686,1953)  (2757,1954)  (2724,1882)  (2758,1918)  (2760,1880)  (2721,1989)  (2685,1989)  (2761,1990)  (2649,1961)  (2785,1844)  (2796,1880)  (2722,2025)  (2686,2025)  (2832,1867)
Gibraltar  (675,1128)  (638,1128)  (710,1129)  (640,1092)  (679,1092)  (714,1091)  (638,1163)
Smolensk  (1479,531)  (1443,558)  (1443,522)  (1514,567)  (1479,495)  (1515,495)  (1515,531)  (1435,486)  (1478,594)  (1541,603)  (1486,459)  (1442,629)
Iceland  (624,168)  (660,167)  (590,168)  (595,137)  (629,136)  (662,136)  (596,199)  (636,199)
Mozanbique 
Belgian Congo  (1151,1775)  (1115,1810)  (1115,1774)  (1186,1811)  (1151,1739)  (1187,1739)  (1187,1775)  (1113,1738)  (1150,1846)  (1114,1846)  (1079,1810)  (1079,1774)  (1078,1847)  (1149,1703)  (1223,1727)  (1223,1763)  (1096,1702)  (1107,1883)
Brazil  (357,1484)  (321,1519)  (321,1483)  (392,1520)  (357,1448)  (393,1448)  (393,1484)  (319,1447)  (356,1555)  (285,1503)  (398,1556)  (355,1412)  (429,1449)  (429,1485)  (283,1467)  (283,1431)  (319,1411)  (267,1395)  (362,1591)  (247,1432)  (303,1375)  (326,1616)
Iwo Jima  (3009,993)
Aleutians  (3298,523)  (3362,487)  (3325,488)  (3335,524)  (3300,562)  (3262,562)  (3228,574)
Algeria  (862,1224)  (825,1223)  (898,1224)  (829,1186)  (866,1187)  (828,1260)  (862,1259)  (900,1260)  (827,1290)
Midway  (3315,960)  (3314,923)  (3350,922)  (3278,925)  (3279,960)  (3350,959)  (3277,995)  (3314,997)  (3348,995)  (3278,1029)
Southern USA  (41,919)  (5,954)  (5,918)  (76,955)  (41,883)  (3,882)  (13,990)
Sikang  (2136,1067)  (2100,1102)  (2100,1066)  (2171,1103)  (2136,1031)  (2172,1031)  (2172,1067)  (2098,1030)  (2207,1103)  (2208,1024)  (2062,1058)
Manchuria  (2464,644)  (2428,679)  (2428,643)  (2499,680)  (2477,608)  (2500,644)  (2513,595)  (2463,715)  (2427,715)  (2392,679)  (2535,680)  (2520,716)  (2464,572)  (2536,631)  (2500,559)  (2536,559)  (2549,595)  (2428,558)  (2484,751)  (2448,751)  (2464,536)  (2572,547)  (2585,583)  (2451,787)
off map 
Eastern United States  (176,847)  (140,882)  (140,846)  (211,883)  (176,811)  (138,810)  (212,809)  (175,918)  (139,918)  (248,775)  (163,954)  (259,739)
Tambov  (1850,605)  (1814,640)  (1885,641)  (1851,569)  (1886,605)  (1887,568)  (1849,676)  (1813,676)  (1885,677)  (1873,532)  (1909,532)  (1923,578)  (1777,702)  (1849,712)  (1813,712)  (1880,496)  (1916,496)  (1836,748)  (1800,748)  (1829,784)
Buriatia  (2403,351)  (2367,357)  (2367,321)  (2438,387)  (2403,315)  (2439,315)  (2439,351)  (2402,393)  (2336,285)  (2366,422)  (2331,322)  (2474,387)  (2474,423)  (2438,423)  (2372,279)  (2408,279)  (2475,336)  (2402,429)  (2366,458)  (2510,372)  (2510,408)  (2501,459)  (2465,459)  (2338,243)  (2429,465)  (2393,494)  (2546,395)
Soviet Far East  (3022,98)  (2986,133)  (2986,97)  (3057,134)  (3022,62)  (3058,62)  (3058,98)  (2984,61)  (3021,169)  (2985,169)  (2950,133)  (2950,97)  (3093,134)  (3093,170)  (3057,170)  (2949,170)  (3020,26)  (3056,26)  (3092,26)  (3094,62)  (3094,98)  (2948,61)  (2956,25)  (3128,0)  (3021,205)  (2985,205)  (3129,140)  (3129,202)  (3093,206)  (3057,206)  (2949,206)  (3130,36)  (3130,72)  (3021,241)  (2985,241)  (3079,242)  (2996,277)  (3085,278)  (3049,278)
New Guinea  (2870,1695)  (2906,1709)  (2834,1685)  (2798,1675)  (2752,1637)  (2763,1672)  (2937,1710)  (2970,1698)  (2835,1721)  (2866,1731)  (2899,1743)
Okinawa  (2855,1156)  (2889,1155)  (2821,1155)  (2824,1118)  (2860,1119)  (2891,1120)  (2820,1187)  (2855,1190)
Italy  (936,881)  (937,845)  (900,844)  (900,881)  (870,855)  (870,888)  (965,849)  (996,858)  (970,884)  (1001,893)  (878,919)
Suiyuan  (2294,795)  (2258,830)  (2258,794)  (2329,831)  (2294,759)  (2330,759)  (2330,795)  (2256,758)  (2293,866)  (2257,866)  (2365,831)  (2365,867)  (2329,867)  (2292,723)  (2328,723)  (2366,745)  (2366,781)  (2293,902)  (2369,903)  (2333,903)
Afghanistan 
Pripyat Marshes 
French Madagascar  (1448,2004)  (1413,2020)  (1417,2056)  (1450,2041)  (1437,1971)  (1464,1936)  (1500,1926)  (1468,1970)
Russia  (1754,452)  (1718,487)  (1718,451)  (1789,488)  (1754,416)  (1790,416)  (1790,452)  (1716,415)  (1753,523)  (1717,523)  (1682,487)  (1682,451)  (1825,488)  (1815,524)  (1752,380)  (1788,380)  (1824,380)  (1826,416)  (1826,452)  (1680,415)  (1680,379)  (1716,379)  (1779,559)  (1743,559)  (1707,559)  (1752,344)  (1788,344)  (1824,344)  (1644,429)  (1773,595)  (1737,595)  (1701,595)  (1744,308)  (1773,631)  (1737,631)  (1701,631)
Chinghai  (1973,984)  (1937,1019)  (1937,983)  (2004,1020)  (1973,948)  (2009,951)  (1935,947)  (2040,987)  (1956,1055)
Karelia SSR  (1350,273)  (1314,291)  (1314,255)  (1385,309)  (1350,237)  (1386,269)  (1349,327)  (1386,214)  (1421,339)  (1385,345)  (1422,201)  (1451,375)  (1415,381)  (1379,381)  (1458,211)  (1474,411)  (1438,417)  (1402,417)  (1494,233)
Alaska  (3432,220)  (3396,255)  (3396,219)  (3467,256)  (3432,184)  (3468,184)  (3468,220)  (3394,183)  (3431,291)  (3395,291)  (3360,255)  (3360,219)  (3503,256)  (3503,292)  (3467,292)  (3359,292)  (3430,148)  (3466,148)  (3502,148)  (3504,184)  (3504,220)  (3358,183)  (3358,147)  (3394,147)  (3538,114)  (3431,327)  (3395,327)  (3539,256)  (3539,292)  (3539,328)  (3503,328)  (3467,328)  (3359,328)  (3323,328)  (3430,112)  (3540,150)  (3540,186)  (3322,195)  (3322,159)  (3356,111)  (3392,111)  (3574,105)  (3412,363)  (3288,253)  (3575,222)  (3575,258)  (3575,294)  (3575,330)  (3539,364)  (3376,364)  (3340,364)  (3304,364)
Eastern Ukraine  (1488,722)  (1452,743)  (1452,707)  (1523,758)  (1488,686)  (1524,686)  (1524,722)  (1423,671)  (1416,740)
Korea  (2651,636)  (2615,671)  (2679,672)  (2640,600)  (2676,600)  (2687,636)  (2712,581)  (2670,708)  (2748,590)  (2688,744)  (2715,780)
Persia  (1673,1214)  (1637,1249)  (1637,1213)  (1708,1250)  (1673,1178)  (1709,1178)  (1709,1214)  (1635,1177)  (1672,1285)  (1636,1285)  (1601,1249)  (1601,1213)  (1744,1250)  (1744,1286)  (1708,1286)  (1600,1286)  (1671,1142)  (1707,1142)  (1745,1168)  (1745,1204)  (1599,1177)  (1599,1141)  (1635,1141)  (1662,1321)  (1626,1322)  (1588,1105)  (1624,1105)  (1590,1069)
Hupeh  (2300,1019)  (2264,1054)  (2264,1018)  (2335,1055)  (2300,983)  (2336,983)  (2336,1019)  (2262,982)  (2299,1090)  (2263,1090)  (2338,1091)  (2259,946)
Archangel  (1617,309)  (1581,344)  (1581,308)  (1617,273)  (1653,273)  (1653,309)  (1610,380)  (1574,380)  (1619,237)  (1655,237)  (1689,273)  (1689,309)  (1691,235)  (1538,387)  (1538,351)  (1574,416)  (1647,201)  (1727,220)  (1538,423)
Angola  (1081,1946)  (1045,1921)  (1117,1939)
Western Russia  (1606,597)  (1638,633)  (1602,633)  (1587,561)  (1623,561)  (1642,597)  (1645,669)  (1609,669)  (1571,525)  (1607,525)  (1643,525)  (1681,705)  (1645,705)  (1609,705)  (1584,489)  (1620,489)  (1730,733)  (1694,741)  (1658,741)  (1622,741)
Phillipines  (2664,1434)  (2627,1434)  (2669,1397)  (2633,1395)  (2658,1361)  (2622,1357)  (2613,1320)  (2617,1281)  (2682,1470)  (2644,1470)  (2596,1395)  (2642,1505)
Tibet 
Portugal 
Greece  (1169,998)  (1166,964)  (1133,980)  (1132,1016)  (1150,1052)  (1197,975)  (1206,1012)  (1160,1086)
Mongolia  (2253,617)  (2217,652)  (2217,616)  (2288,653)  (2289,583)  (2181,651)  (2181,615)  (2324,619)  (2325,561)  (2360,597)
Morocco  (710,1245)  (674,1279)  (674,1243)  (745,1209)  (746,1245)  (640,1208)  (673,1207)  (708,1208)  (776,1185)  (781,1218)  (781,1249)  (637,1243)  (640,1277)  (706,1279)
Evenki National Okrug  (2142,248)  (2106,283)  (2106,247)  (2177,284)  (2142,212)  (2178,212)  (2178,248)  (2104,211)  (2141,319)  (2075,319)  (2070,283)  (2070,247)  (2213,284)  (2213,320)  (2177,320)  (2140,176)  (2214,224)  (2081,175)  (2249,260)  (2249,296)  (2285,242)
Eastern Australia  (2884,1968)  (2848,2003)  (2848,1967)  (2919,2004)  (2884,1932)  (2920,1932)  (2920,1968)  (2846,1931)  (2883,2039)  (2812,1979)  (2955,2004)  (2945,2040)  (2882,1896)  (2918,1896)  (2956,1941)  (2909,2075)  (2905,1860)
Borneo  (2515,1647)  (2478,1648)  (2550,1647)  (2586,1645)  (2520,1612)  (2554,1611)  (2477,1681)  (2511,1682)  (2546,1682)  (2587,1681)
Figi  (3533,2021)  (3570,2021)  (3571,2058)  (3530,2058)
West Indies  (241,1127)  (276,1139)  (313,1148)  (206,1112)  (173,1092)  (203,1146)  (239,1162)
Ukraine  (1392,818)  (1356,853)  (1356,817)  (1427,854)  (1392,782)  (1428,782)  (1428,818)  (1354,781)  (1463,854)  (1464,808)  (1318,796)  (1330,745)
Urals  (1963,54)  (1927,89)  (1927,53)  (1998,90)  (1963,18)  (1999,18)  (1999,54)  (1925,17)  (1962,125)  (1926,125)  (2034,90)  (2034,126)  (1998,126)  (1890,126)  (2035,0)  (2035,36)  (1962,161)  (1926,161)  (2070,72)  (2070,108)  (2036,162)  (2000,162)  (1890,162)  (2071,0)  (2071,36)  (1964,197)  (1928,197)  (2023,198)  (1987,233)
French West Africa  (698,1507)  (662,1542)  (662,1506)  (733,1543)  (698,1471)  (734,1471)  (734,1507)  (660,1470)  (697,1578)  (742,1579)  (696,1435)  (770,1482)  (624,1489)  (624,1453)  (608,1417)
sea zone Italy STF  (1542,2261)  (1506,2296)  (1506,2260)  (1577,2297)  (1542,2225)  (1578,2225)  (1578,2261)  (1504,2224)  (1470,2309)  (1470,2273)  (1613,2297)  (1614,2220)  (1614,2256)  (1468,2237)  (1434,2309)  (1434,2273)  (1649,2292)  (1650,2220)  (1650,2256)  (1432,2237)  (1685,2292)  (1686,2221)
India  (1929,1335)  (1893,1370)  (1893,1334)  (1964,1371)  (1929,1299)  (1965,1299)  (1965,1335)  (1891,1298)  (1928,1406)  (1892,1406)  (1857,1359)  (2000,1371)  (1976,1407)  (1927,1263)  (2001,1309)  (1855,1323)  (1855,1287)  (1891,1262)  (1940,1442)  (1904,1442)  (2036,1345)  (1927,1227)  (1819,1324)  (1819,1288)  (1888,1226)  (1929,1478)  (1909,1190)  (1926,1514)
Turkey 
Caroline Islands  (2856,1442)  (2891,1426)  (2925,1411)  (2820,1463)  (2811,1495)  (2845,1484)  (2879,1471)  (2913,1457)  (2943,1442)
Peru 
Germany  (1091,710)  (1055,745)  (1055,709)  (1126,746)  (1091,674)  (1127,674)  (1127,710)  (1053,673)  (1090,781)  (1054,781)  (1019,745)  (1019,709)  (1162,746)  (1161,782)  (1089,638)  (1125,638)  (1017,673)  (1042,637)  (1125,817)
Shensi  (2097,859)  (2061,894)  (2061,858)  (2132,895)  (2097,823)  (2133,823)  (2133,859)  (2059,822)  (2096,930)  (2168,895)  (2168,931)  (2132,931)  (2169,819)  (2169,855)  (2204,891)  (2125,967)
sea zone 27  (1007,2076)  (971,2111)  (971,2075)  (1042,2112)  (1007,2040)  (969,2039)  (1006,2147)  (970,2147)  (1054,2148)  (1005,2004)  (958,2003)  (1091,2161)  (994,1968)  (1127,2162)  (958,1947)  (994,1932)
sea zone 28  (1323,2118)  (1287,2153)  (1287,2117)  (1358,2154)  (1323,2082)  (1359,2082)  (1359,2118)  (1285,2081)  (1251,2175)  (1251,2139)  (1394,2154)  (1321,2046)  (1357,2046)  (1395,2097)  (1215,2175)  (1179,2175)
Crete  (1182,1223)  (1147,1222)  (1217,1220)  (1148,1254)  (1184,1258)  (1217,1254)  (1148,1192)
sea zone 29  (1605,2127)  (1569,2162)  (1569,2126)  (1640,2163)  (1605,2091)  (1641,2091)  (1641,2127)  (1567,2090)  (1533,2175)  (1533,2139)  (1676,2163)  (1603,2055)  (1639,2055)  (1677,2075)  (1677,2111)  (1531,2103)  (1531,2067)  (1567,2054)  (1508,2031)  (1497,2175)  (1497,2139)  (1712,2147)  (1713,2075)  (1713,2111)  (1495,2103)  (1495,2067)  (1461,2175)  (1461,2139)  (1748,2147)  (1749,2075)  (1749,2111)  (1459,2103)
Anglo-Egyptian Sudan  (1229,1596)  (1193,1631)  (1193,1595)  (1264,1632)  (1229,1560)  (1265,1560)  (1265,1596)  (1191,1559)  (1228,1667)  (1157,1631)  (1157,1595)  (1281,1668)  (1301,1563)  (1301,1599)  (1155,1559)  (1155,1523)  (1191,1523)  (1337,1563)
Union of South Africa  (1163,2044)  (1127,2079)  (1127,2043)  (1198,2080)  (1163,2008)  (1199,2008)  (1199,2044)  (1125,2007)  (1162,2115)  (1126,2115)  (1091,2079)  (1091,2043)  (1168,1972)  (1204,1972)  (1235,2060)  (1240,1967)
Kwangtung  (2450,962)  (2414,997)  (2414,961)  (2485,998)  (2450,926)  (2486,926)  (2486,962)  (2413,925)  (2449,1033)  (2413,1033)  (2519,1034)  (2449,890)  (2485,890)  (2411,889)  (2483,1069)  (2447,1069)  (2411,1069)  (2447,854)  (2483,854)  (2491,818)
sea zone 20  (31,1287)  (43,1323)  (7,1323)  (0,1251)  (36,1251)  (67,1287)  (39,1359)  (3,1359)  (0,1215)  (36,1215)  (37,1395)  (1,1395)  (0,1179)  (49,1431)  (13,1431)
sea zone 21  (38,1623)  (2,1658)  (2,1622)  (73,1659)  (38,1587)  (74,1587)  (74,1623)  (0,1586)  (37,1694)  (1,1694)  (81,1695)  (36,1551)  (72,1551)  (0,1550)  (45,1730)  (9,1730)  (36,1515)  (72,1515)  (0,1514)  (51,1766)  (15,1766)  (43,1802)  (7,1802)  (22,1838)
sea zone 22  (482,1668)  (446,1703)  (446,1667)  (517,1704)  (482,1632)  (518,1632)  (518,1668)  (444,1631)  (410,1734)  (410,1698)  (553,1704)  (480,1596)  (554,1642)  (408,1662)  (433,1595)  (374,1734)  (374,1698)  (589,1678)  (589,1714)  (469,1560)  (505,1560)  (372,1662)  (338,1734)  (338,1698)  (625,1682)  (625,1718)
sea zone 23  (882,1740)  (846,1772)  (846,1736)  (918,1722)  (918,1758)  (841,1700)  (810,1772)  (810,1736)  (954,1722)  (954,1758)  (805,1700)  (958,1808)  (985,1844)  (774,1772)  (774,1736)  (990,1723)  (990,1759)  (769,1700)  (994,1795)  (1021,1831)  (738,1772)  (738,1736)  (733,1700)  (1030,1775)  (702,1772)  (702,1736)  (697,1700)
sea zone 24  (624,1873)  (588,1908)  (588,1872)  (659,1909)  (624,1837)  (660,1837)  (660,1873)  (586,1836)  (623,1944)  (587,1944)  (552,1908)  (552,1872)  (695,1909)  (695,1945)  (659,1945)  (551,1945)  (622,1801)  (696,1808)  (696,1844)  (550,1836)  (550,1800)  (586,1800)  (516,1909)  (516,1873)  (731,1880)  (731,1916)  (515,1948)  (732,1808)  (732,1844)  (514,1837)  (514,1801)  (480,1912)  (480,1876)  (767,1880)  (767,1916)  (479,1948)  (768,1808)  (768,1844)  (478,1840)  (478,1804)  (444,1912)  (444,1876)  (803,1880)  (803,1916)  (443,1948)  (804,1808)  (804,1844)  (442,1840)  (442,1804)  (408,1912)  (408,1876)
Formosa  (2541,1198)  (2540,1162)  (2575,1162)  (2577,1197)  (2507,1199)  (2502,1235)  (2537,1233)  (2572,1233)  (2504,1270)
sea zone 25  (148,2062)  (112,2097)  (112,2061)  (183,2098)  (148,2026)  (184,2026)  (184,2062)  (110,2025)  (147,2133)  (111,2133)  (76,2097)  (76,2061)  (219,2098)  (219,2134)  (183,2134)  (75,2134)  (146,1990)  (182,1990)  (218,1990)  (220,2026)  (220,2062)  (74,2025)  (74,1989)  (110,1989)  (254,1956)  (147,2169)  (111,2169)  (40,2098)  (40,2062)  (255,2098)  (255,2134)  (255,2170)  (219,2170)  (183,2170)  (75,2170)  (39,2170)  (39,2134)  (146,1954)  (182,1954)  (218,1954)  (256,1992)  (256,2028)  (38,2026)  (38,1990)  (34,1954)  (254,1920)  (290,1920)  (290,1956)  (4,2098)  (4,2062)  (291,2064)  (291,2100)  (291,2136)  (291,2172)
sea zone 26  (639,2094)  (603,2129)  (603,2093)  (674,2130)  (639,2058)  (675,2058)  (675,2094)  (601,2057)  (638,2165)  (602,2165)  (567,2129)  (567,2093)  (710,2130)  (710,2166)  (674,2166)  (566,2166)  (637,2022)  (673,2022)  (709,2022)  (711,2058)  (711,2094)  (565,2057)  (565,2021)  (601,2021)  (745,1988)  (531,2130)  (531,2094)  (746,2130)  (746,2166)  (530,2175)  (637,1986)  (673,1986)  (709,1986)  (747,2024)  (747,2060)  (529,2058)  (529,2022)  (529,1986)  (565,1985)  (601,1985)  (781,1984)  (495,2139)  (495,2103)  (782,2096)  (782,2132)  (782,2168)  (494,2175)  (783,2020)  (783,2056)  (493,2067)  (493,2031)  (493,1995)
Baltic States  (1256,476)  (1220,511)  (1220,475)  (1267,512)  (1256,440)  (1292,440)  (1218,439)  (1231,547)
Croatia  (1078,893)  (1042,890)  (1040,853)  (1078,855)  (1114,859)  (1113,893)  (1051,927)  (1088,930)
sea zone 16  (1377,977)  (1341,995)  (1341,959)  (1413,959)  (1415,995)  (1348,923)  (1451,971)  (1451,1007)  (1487,1011)
sea zone 17  (592,1579)  (556,1587)  (556,1551)  (627,1615)  (542,1515)  (663,1634)  (542,1479)  (699,1640)  (542,1443)  (735,1656)
sea zone 18  (431,1360)  (395,1364)  (395,1328)  (466,1396)  (431,1324)  (467,1350)  (502,1405)  (506,1441)  (506,1477)  (506,1513)  (470,1522)
sea zone 19  (122,1161)  (157,1194)  (122,1123)  (159,1157)  (193,1194)  (231,1213)  (267,1235)  (304,1267)  (92,1091)  (58,1087)  (267,1206)  (300,1236)  (222,1073)
United Kingdom  (821,559)  (785,569)  (749,579)  (713,588)  (820,523)  (783,530)  (749,538)  (712,547)  (797,489)  (763,496)  (725,505)  (780,453)  (744,463)  (748,426)  (713,413)  (732,376)  (696,379)  (739,342)  (703,344)  (702,309)
sea zone 10  (281,967)  (244,966)  (254,930)  (291,931)  (263,894)  (294,895)  (273,857)  (296,827)  (232,1002)  (273,1001)  (309,1001)  (208,1037)
French Equatorial Africa  (1024,1611)  (988,1646)  (988,1610)  (1059,1647)  (1024,1575)  (1060,1575)  (1060,1611)  (986,1574)  (1023,1682)  (987,1682)  (1096,1583)  (1096,1619)
sea zone 11  (416,1073)  (380,1108)  (380,1072)  (451,1109)  (416,1037)  (452,1037)  (452,1073)  (378,1036)  (415,1144)  (379,1144)  (454,1145)  (414,1001)  (450,1001)  (375,1000)  (418,1180)  (382,1180)  (454,1181)  (411,965)  (447,965)  (375,964)  (418,1216)  (382,1216)  (454,1217)  (411,929)  (447,929)  (375,928)  (418,1252)  (382,1252)  (454,1253)
sea zone 12  (555,1211)  (519,1246)  (519,1210)  (590,1247)  (555,1175)  (591,1175)  (591,1211)  (517,1174)  (554,1282)  (518,1282)  (593,1283)  (490,1138)  (557,1318)  (521,1318)  (490,1102)  (526,1073)  (561,1354)  (490,1066)  (526,1037)  (490,1030)  (526,1001)  (490,994)  (526,965)  (490,958)  (526,929)  (490,922)  (562,907)  (634,905)  (598,903)
Switzerland  (984,815)
sea zone 13  (811,1075)  (775,1110)  (834,1111)  (780,1039)  (816,1039)  (768,1146)  (810,1003)  (816,967)
Samoa  (3671,1774)  (3669,1737)  (3705,1737)  (3706,1773)  (3631,1735)  (3634,1772)  (3635,1810)  (3672,1810)  (3708,1809)  (3635,1846)
sea zone 14  (1052,1159)  (1086,1159)  (1122,1160)  (1156,1158)  (1050,1123)  (1087,1121)  (1121,1123)  (1090,1084)  (1121,1085)  (901,970)  (933,1002)  (965,1032)  (997,1065)  (886,1138)  (921,1167)
Vologda  (1938,311)  (1902,346)  (1902,310)  (1973,347)  (1938,275)  (1974,279)  (1900,274)  (1937,382)  (1901,382)  (1978,383)  (2010,295)  (1864,297)  (1864,261)  (1850,225)  (1938,418)  (1902,418)  (1828,278)  (1815,189)  (1814,242)
Spain 
sea zone 15  (1302,1220)  (1266,1255)  (1266,1219)  (1337,1256)  (1302,1184)  (1338,1184)  (1338,1220)  (1264,1183)  (1301,1291)  (1265,1291)
Sahara 
sea zone 49  (2693,1138)  (2657,1173)  (2728,1174)  (2680,1102)  (2716,1102)  (2729,1138)  (2692,1209)  (2656,1209)  (2730,1210)  (2620,1218)  (2694,1245)  (2658,1245)  (2730,1245)  (2693,1173)  (2675,1282)  (2711,1281)  (2681,1317)  (2717,1317)  (2704,1351)  (2718,1387)  (2560,1533)
Western USA  (3637,718)  (3672,754)  (3636,754)  (3635,682)  (3671,682)  (3673,718)  (3707,648)  (3708,754)  (3708,790)  (3672,790)  (3636,790)  (3637,646)  (3709,684)  (3736,826)  (3700,826)  (3664,826)
Yenisey  (2233,447)  (2197,482)  (2197,446)  (2268,483)  (2233,411)  (2269,411)  (2269,447)  (2195,410)  (2232,518)  (2196,518)  (2304,488)  (2268,519)  (2240,375)  (2276,375)  (2305,411)  (2312,368)  (2160,547)  (2232,554)  (2196,554)
sea zone Germany STF  (305,2260)  (269,2295)  (269,2259)  (340,2296)  (305,2224)  (341,2224)  (341,2260)  (267,2223)  (233,2309)  (233,2273)  (376,2296)  (377,2220)  (377,2256)  (231,2237)  (197,2309)  (197,2273)  (412,2292)  (413,2220)  (413,2256)  (195,2237)  (448,2292)  (449,2220)  (449,2256)
sea zone 41  (3152,2023)  (3116,2058)  (3116,2022)  (3114,1985)  (3148,1985)  (3184,1986)  (3113,1950)  (3149,1947)  (3185,1949)  (3220,1951)  (3185,2021)  (3150,2059)  (3115,2094)  (3152,2096)  (3111,2130)  (3359,2083)  (3324,2121)  (3286,2161)  (3321,2159)  (3359,2119)  (3359,2157)  (3253,1949)
sea zone 42  (3652,2107)  (3616,2142)  (3616,2106)  (3687,2143)  (3652,2071)  (3688,2071)  (3688,2107)  (3652,2035)  (3689,2033)  (3724,2033)  (3685,1997)  (3722,1994)  (3723,2070)  (3723,2107)  (3722,2146)  (3651,2142)  (3491,2172)  (3526,2172)  (3562,2172)  (3595,2172)
sea zone 43  (3671,1662)  (3635,1661)  (3707,1660)  (3632,1626)  (3669,1625)  (3706,1624)  (3630,1591)  (3669,1588)  (3706,1589)  (3689,1550)  (3686,1514)  (3720,1513)  (3724,1551)  (3617,1697)
sea zone 44  (3431,1709)  (3395,1744)  (3395,1708)  (3466,1745)  (3431,1673)  (3467,1673)  (3467,1709)  (3393,1672)  (3430,1780)  (3394,1780)  (3359,1744)  (3359,1708)  (3502,1745)  (3502,1781)  (3466,1781)  (3358,1781)  (3429,1637)  (3465,1637)  (3501,1637)  (3503,1673)  (3503,1709)  (3357,1672)  (3357,1636)  (3393,1636)  (3537,1603)  (3430,1816)  (3394,1816)  (3538,1745)  (3538,1781)  (3538,1817)  (3502,1817)  (3466,1817)  (3358,1817)  (3429,1601)  (3465,1601)  (3501,1601)  (3539,1639)  (3539,1675)  (3330,1600)  (3366,1600)  (3430,1852)  (3394,1852)  (3571,1853)  (3535,1853)  (3499,1853)  (3358,1853)  (3402,1565)  (3438,1565)  (3330,1564)  (3366,1564)  (3463,1888)  (3427,1888)
sea zone 45  (3193,1709)  (3155,1709)  (3118,1691)  (3155,1670)  (3191,1669)  (3228,1710)  (3230,1671)  (3264,1709)  (3264,1671)  (3216,1633)  (3252,1633)  (3286,1633)  (3229,1598)  (3266,1595)  (3239,1559)  (3274,1558)  (3242,1521)  (3277,1520)  (3111,1894)
sea zone 46  (2987,1849)  (2951,1837)  (3022,1885)  (2986,1885)  (2987,1813)  (3023,1818)  (3052,1921)  (3016,1921)  (3052,1957)  (3016,1957)  (2876,1790)  (2869,1830)
sea zone 47  (2858,1629)  (2821,1622)  (2895,1617)  (2894,1648)  (2928,1618)  (2929,1651)  (2963,1616)  (2966,1650)  (2997,1616)  (2998,1647)  (2731,1750)
sea zone 48  (2409,1583)  (2439,1552)  (2375,1614)  (2356,1650)  (2356,1687)  (2392,1650)  (2409,1617)  (2444,1586)  (2474,1553)  (2509,1554)  (2392,1686)  (2426,1651)  (2688,1579)  (2650,1580)  (2686,1616)  (2650,1615)  (2427,1685)  (2632,1691)
Line Islands  (3559,1394)  (3592,1394)  (3524,1393)  (3524,1356)  (3557,1355)  (3587,1357)  (3518,1427)  (3553,1431)
sea zone 50  (2855,1529)  (2817,1539)  (2780,1563)  (2817,1574)  (2853,1565)  (2892,1514)  (2927,1501)  (2963,1488)  (2997,1481)  (3001,1518)  (2966,1523)  (2928,1536)  (2891,1548)  (2925,1571)  (2960,1571)  (2784,1380)
sea zone 51  (3049,1262)  (3013,1261)  (3083,1263)  (2980,1261)  (3115,1263)  (2970,1297)  (3008,1298)  (3040,1297)  (3076,1299)  (3113,1299)  (2990,1329)  (3025,1331)  (3058,1332)  (3093,1332)  (3128,1333)  (3041,1368)
Novosibirsk  (2036,458)  (2000,493)  (2000,457)  (2071,494)  (2036,422)  (2072,422)  (2072,458)  (2035,529)  (1999,529)  (1964,493)  (2107,494)  (2082,530)  (1963,530)  (2037,386)  (2073,386)  (2108,422)  (2108,458)  (2109,385)  (2144,434)
French Indo-China  (2281,1367)  (2245,1402)  (2245,1366)  (2281,1331)  (2317,1331)  (2317,1367)  (2271,1438)  (2276,1295)  (2312,1295)  (2303,1474)  (2267,1474)  (2283,1259)  (2319,1259)  (2213,1484)  (2306,1510)
Southern Italy  (1028,1000)  (992,988)  (1013,965)  (1029,1026)  (1061,1005)  (1063,1041)  (1048,1075)  (1095,1041)
sea zone 38  (2389,1981)  (2353,2016)  (2353,1980)  (2424,2017)  (2389,1945)  (2425,1945)  (2425,1981)  (2351,1944)  (2317,2038)  (2317,2002)  (2460,2017)  (2461,1930)  (2461,1966)  (2315,1966)  (2315,1930)  (2281,2038)  (2281,2002)  (2496,2002)  (2496,2038)  (2497,1930)  (2497,1966)  (2279,1966)  (2279,1930)  (2245,2038)  (2245,2002)  (2532,2002)  (2532,2038)  (2533,1930)  (2533,1966)  (2243,1966)  (2243,1930)  (2209,2038)  (2209,2002)  (2568,2002)  (2568,2038)  (2569,1903)  (2569,1939)  (2207,1966)  (2207,1930)  (2599,1867)  (2173,2038)  (2173,2002)  (2604,1991)  (2604,2027)  (2605,1903)  (2171,1966)  (2171,1930)  (2630,1830)  (2635,1866)  (2137,2039)  (2137,2003)
Gold Coast  (858,1590)  (822,1625)  (822,1589)  (893,1626)  (858,1554)  (894,1554)  (894,1590)  (820,1553)  (786,1604)  (916,1662)  (816,1517)
sea zone 39  (2472,2133)  (2436,2168)  (2436,2132)  (2507,2169)  (2472,2097)  (2508,2097)  (2508,2133)  (2434,2096)  (2400,2175)  (2400,2139)  (2543,2169)  (2544,2074)  (2544,2110)  (2398,2103)  (2364,2175)  (2364,2139)  (2579,2146)  (2580,2074)  (2580,2110)  (2362,2103)  (2328,2175)  (2328,2139)  (2615,2146)  (2616,2074)  (2616,2110)  (2326,2103)  (2292,2175)  (2292,2139)  (2651,2146)  (2652,2101)  (2290,2103)  (2256,2175)  (2256,2139)  (2687,2137)  (2687,2173)  (2254,2103)  (2704,2101)  (2220,2175)  (2220,2139)  (2723,2137)  (2723,2173)  (2218,2103)  (2184,2175)  (2184,2139)
Japan  (2902,795)  (2866,826)  (2951,565)
sea zone 30  (1987,2136)  (1951,2171)  (1951,2135)  (2022,2172)  (1987,2100)  (2023,2100)  (2023,2136)  (1949,2099)  (1915,2175)  (1915,2139)  (2058,2172)  (2059,2075)  (2059,2111)  (1913,2103)  (1879,2175)  (1879,2139)  (2094,2147)  (2095,2075)  (2095,2111)  (1877,2103)  (1843,2175)  (1843,2139)  (2130,2147)  (2131,2075)  (2131,2111)  (1841,2103)
sea zone 31  (1970,1859)  (1934,1894)  (1934,1858)  (2005,1895)  (1970,1823)  (2006,1823)  (2006,1859)  (1932,1822)  (1969,1930)  (1933,1930)  (1898,1894)  (1898,1858)  (2041,1895)  (2041,1931)  (2005,1931)  (1897,1931)  (1968,1787)  (2004,1787)  (2040,1787)  (2042,1823)  (2042,1859)  (1896,1822)  (1896,1786)  (1932,1786)  (1969,1966)  (1933,1966)  (2063,1967)  (2027,1967)  (1897,1967)  (1968,1751)  (2004,1751)  (2040,1751)  (1865,1750)  (1901,1750)  (1991,2002)  (1955,2002)  (2063,2003)  (2027,2003)  (1919,2003)  (1883,2003)  (1937,1715)  (1973,1715)  (2009,1715)  (2045,1715)  (1865,1714)  (1901,1714)  (1991,2038)  (1955,2038)  (2062,2039)  (1919,2039)  (1883,2039)
sea zone 32  (1718,1862)  (1682,1897)  (1682,1861)  (1753,1898)  (1718,1826)  (1754,1826)  (1754,1862)  (1680,1825)  (1717,1933)  (1681,1933)  (1646,1897)  (1646,1861)  (1789,1898)  (1789,1934)  (1753,1934)  (1645,1934)  (1716,1790)  (1752,1790)  (1788,1790)  (1790,1826)  (1790,1862)  (1644,1825)  (1644,1789)  (1680,1789)  (1824,1756)  (1717,1969)  (1681,1969)  (1610,1898)  (1610,1862)  (1825,1898)  (1825,1934)  (1825,1970)  (1789,1970)  (1753,1970)  (1645,1970)  (1609,1970)  (1609,1934)  (1716,1754)  (1752,1754)  (1788,1754)  (1826,1792)  (1826,1828)  (1608,1826)  (1623,1753)  (1659,1753)  (1824,1720)  (1717,2005)  (1574,1898)  (1829,2006)  (1793,2006)  (1757,2006)  (1573,1987)  (1573,1951)
Yunnan  (2215,1187)  (2179,1222)  (2179,1186)  (2247,1223)  (2215,1151)  (2251,1151)  (2251,1187)  (2143,1241)  (2143,1205)  (2287,1158)  (2287,1194)
sea zone 33  (1456,1872)  (1420,1907)  (1420,1871)  (1456,1836)  (1492,1836)  (1492,1872)  (1418,1835)  (1416,1943)  (1454,1800)  (1490,1800)  (1526,1800)  (1528,1836)  (1562,1791)  (1397,1979)  (1361,1985)
Belarus  (1340,544)  (1304,576)  (1375,580)  (1343,508)  (1376,544)  (1379,505)  (1339,612)  (1386,616)  (1345,469)
sea zone 34  (1647,1580)  (1611,1615)  (1611,1579)  (1682,1616)  (1647,1544)  (1683,1544)  (1683,1580)  (1587,1651)  (1575,1615)  (1718,1616)  (1668,1508)  (1704,1508)  (1719,1544)  (1719,1580)  (1740,1487)  (1587,1687)  (1539,1637)  (1695,1472)  (1551,1696)  (1731,1451)  (1587,1723)  (1503,1632)  (1515,1729)  (1551,1732)  (1714,1415)  (1479,1753)  (1467,1630)  (1598,1393)  (1678,1379)  (1714,1379)  (1431,1597)  (1420,1561)  (1406,1525)  (1389,1489)  (1377,1453)
Ningxia  (2123,704)  (2087,739)  (2087,703)  (2158,740)  (2159,693)  (2085,667)  (2194,729)  (2194,765)  (2158,776)  (2075,631)  (2111,631)  (2230,710)
sea zone 35  (2012,1508)  (1976,1543)  (1976,1507)  (2047,1544)  (2012,1472)  (2048,1472)  (2048,1508)  (2011,1579)  (1975,1579)  (2064,1580)  (1939,1580)  (2016,1436)  (2052,1436)  (2028,1615)  (1992,1615)  (1956,1616)  (1920,1616)  (1891,1580)  (1884,1630)  (1878,1544)  (1861,1508)  (1855,1594)  (1847,1472)  (1842,1558)  (1842,1436)  (1828,1630)  (1825,1522)  (1819,1594)  (1811,1486)  (1806,1558)  (1806,1450)  (1806,1414)  (1795,1378)  (1792,1630)  (1789,1522)  (1783,1594)
sea zone 36  (2403,1445)  (2367,1480)  (2367,1444)  (2438,1481)  (2403,1409)  (2439,1409)  (2439,1445)  (2365,1408)  (2402,1516)  (2366,1516)  (2474,1481)  (2474,1517)  (2438,1517)  (2401,1373)  (2437,1373)  (2473,1373)  (2475,1409)  (2475,1445)  (2329,1435)  (2509,1371)  (2361,1552)  (2510,1481)  (2510,1517)  (2511,1407)  (2511,1443)  (2325,1565)  (2266,1560)  (2317,1601)  (2209,1596)  (2194,1560)  (2173,1596)  (2172,1524)  (2158,1560)  (2146,1488)  (2137,1596)  (2136,1524)  (2122,1560)  (2110,1488)  (2101,1596)  (2100,1524)
Caucasus  (1552,916)  (1516,951)  (1516,915)  (1587,952)  (1552,880)  (1588,880)  (1588,916)  (1515,879)  (1551,987)  (1480,930)  (1603,988)  (1551,844)  (1587,844)  (1623,844)  (1624,880)  (1659,809)  (1599,808)
sea zone 37  (2446,1779)  (2482,1779)  (2518,1777)  (2552,1779)  (2587,1778)  (2409,1779)  (2372,1779)  (2336,1752)  (2370,1741)  (2401,1741)  (2433,1741)  (2468,1740)  (2502,1740)  (2537,1740)  (2571,1741)  (2606,1743)  (2640,1744)  (2673,1744)  (2112,1877)
New Zealand  (3221,2116)  (3187,2151)  (3220,2150)  (3255,2117)  (3221,2080)  (3256,2081)  (3292,2081)  (3232,2044)  (3268,2044)  (3306,2047)  (3240,2007)  (3276,2007)  (3310,2010)
Rhodesia  (1285,1841)  (1249,1876)  (1249,1840)  (1288,1877)  (1285,1805)  (1321,1805)  (1321,1841)  (1252,1912)  (1216,1912)  (1213,1876)  (1295,1769)  (1357,1788)  (1357,1824)  (1180,1916)
sea zone 40  (2825,2121)  (2789,2156)  (2789,2120)  (2860,2157)  (2825,2085)  (2861,2113)  (2787,2084)  (2896,2149)  (2788,2048)  (2932,2130)  (2932,2166)  (2968,2116)  (2968,2152)  (2982,2075)  (3004,2111)  (3004,2147)  (3008,2038)  (3013,1997)  (3018,2074)  (3040,2110)  (3040,2146)  (3044,2033)  (3049,1997)
Trans Jordan  (1469,1216)  (1433,1251)  (1433,1215)  (1504,1252)  (1469,1180)  (1505,1180)  (1505,1216)  (1431,1179)  (1397,1278)  (1540,1252)  (1538,1144)  (1541,1212)
sea zone Russia STF  (2134,2260)  (2098,2295)  (2098,2259)  (2169,2296)  (2134,2224)  (2170,2224)  (2170,2260)  (2096,2223)  (2062,2309)  (2062,2273)  (2205,2296)  (2206,2220)  (2206,2256)  (2060,2237)  (2026,2309)  (2026,2273)  (2241,2292)  (2242,2220)  (2242,2256)  (2024,2237)  (2277,2292)  (2278,2220)  (2278,2256)
sea zone Japan STF  (2772,2262)  (2736,2297)  (2736,2261)  (2807,2298)  (2772,2226)  (2808,2226)  (2808,2262)  (2734,2225)  (2700,2309)  (2700,2273)  (2843,2298)  (2844,2220)  (2844,2256)  (2698,2237)  (2664,2309)  (2664,2273)  (2879,2292)  (2880,2220)  (2880,2256)  (2662,2237)  (2915,2292)  (2916,2220)  (2916,2256)
Himalayas 
Egypt  (1264,1432)  (1298,1432)  (1231,1431)  (1299,1396)  (1262,1396)  (1226,1393)  (1297,1363)  (1263,1360)  (1226,1357)  (1212,1464)  (1250,1467)  (1284,1466)  (1318,1467)  (1236,1499)  (1270,1502)
sea zone 63  (3251,312)  (3217,313)  (3251,350)  (3216,349)  (3265,386)  (3226,384)  (3193,384)  (3299,421)  (3262,419)  (3225,419)  (3187,419)  (3167,454)  (3202,455)  (3234,455)  (3271,456)  (3177,489)
Sakha  (2510,107)  (2474,142)  (2474,106)  (2545,143)  (2510,71)  (2546,71)  (2546,107)  (2472,70)  (2509,178)  (2473,178)  (2438,142)  (2438,106)  (2581,143)  (2581,179)  (2545,179)  (2437,179)  (2508,35)  (2544,35)  (2580,35)  (2582,71)  (2582,107)  (2463,34)  (2616,1)  (2509,214)  (2473,214)  (2617,155)  (2617,191)  (2581,215)  (2545,215)  (2437,215)  (2618,37)  (2618,73)  (2509,250)  (2473,250)  (2607,251)  (2571,251)  (2535,286)  (2499,286)  (2617,287)  (2581,287)  (2602,323)  (2566,323)  (2582,359)
sea zone 64  (3485,508)  (3449,543)  (3449,507)  (3520,544)  (3485,472)  (3521,472)  (3521,508)  (3447,471)  (3484,579)  (3448,579)  (3413,543)  (3413,507)  (3556,544)  (3412,579)  (3483,436)  (3519,436)  (3555,436)  (3557,472)  (3557,508)  (3592,544)  (3593,493)
sea zone 65  (3094,1577)  (3129,1576)  (3060,1577)  (3165,1575)  (3049,1612)  (3091,1613)  (3127,1613)  (3166,1609)  (3045,1411)  (3081,1413)  (3116,1412)  (3153,1412)  (3046,1448)
Wake Island  (3054,1156)  (3089,1156)  (3018,1157)  (3017,1120)  (3053,1120)  (3089,1119)  (3016,1191)  (3050,1193)  (3088,1191)
East Indies  (2271,1779)  (2234,1766)  (2270,1743)  (2235,1729)  (2201,1696)  (2307,1813)  (2345,1827)  (2380,1833)  (2416,1835)  (2450,1836)  (2274,1812)  (2168,1669)  (2486,1836)
Malta  (1041,1214)  (1004,1213)  (1004,1249)  (1041,1251)  (1075,1213)  (1075,1249)
Saudi Arabia 
Ireland 
Hawaiian Islands  (3307,1227)  (3345,1232)  (3346,1269)  (3307,1267)  (3294,1192)  (3256,1189)
France  (805,796)  (769,831)  (769,795)  (837,832)  (805,760)  (841,760)  (841,796)  (767,759)  (801,867)  (765,867)  (733,831)  (733,795)  (877,748)  (877,784)  (731,759)  (759,723)  (729,871)  (834,903)  (798,903)  (913,751)  (913,787)  (762,907)  (726,907)  (949,756)
Eastern Canada  (303,539)  (267,574)  (267,538)  (338,575)  (303,503)  (339,503)  (339,539)  (265,502)  (302,610)  (266,610)  (231,574)  (231,538)  (374,575)  (230,611)  (301,467)  (337,467)  (373,467)  (375,503)  (375,539)  (243,466)  (287,646)  (410,575)  (251,647)  (215,647)  (279,431)  (411,534)  (238,430)  (179,662)  (179,626)  (242,683)  (274,395)  (226,394)  (333,686)  (151,590)  (143,645)  (135,527)  (115,609)  (115,573)  (99,537)  (79,627)  (79,591)  (79,501)  (63,555)  (303,573)  (223,501)  (337,609)
Fukien  (2401,1189)  (2365,1224)  (2365,1188)  (2436,1225)  (2401,1153)  (2437,1153)  (2437,1189)  (2365,1152)  (2400,1260)  (2364,1260)  (2473,1128)  (2473,1164)  (2410,1296)
sea zone 52  (3334,1438)  (3298,1457)  (3298,1421)  (3369,1474)  (3334,1402)  (3370,1402)  (3370,1438)  (3280,1385)  (3262,1431)  (3405,1474)  (3316,1366)  (3352,1366)  (3388,1366)  (3406,1402)  (3406,1438)  (3244,1395)  (3244,1359)  (3280,1349)  (3424,1348)  (3441,1474)  (3316,1330)  (3352,1330)  (3388,1330)  (3442,1384)  (3442,1420)  (3218,1323)  (3208,1391)  (3254,1313)  (3192,1094)
sea zone 53  (3558,1259)  (3522,1294)  (3522,1258)  (3593,1295)  (3558,1223)  (3594,1223)  (3594,1259)  (3520,1222)  (3556,1295)  (3501,1185)  (3536,1184)  (3570,1185)  (3605,1185)  (3504,1147)  (3540,1147)  (3574,1146)  (3608,1146)  (3506,1108)  (3542,1112)  (3577,1110)  (3502,1494)  (3538,1494)  (3577,1494)  (3614,1494)  (3507,1529)
sea zone 54  (3671,1093)  (3635,1106)  (3635,1070)  (3706,1129)  (3671,1057)  (3707,1057)  (3707,1093)  (3670,1142)  (3611,1034)  (3736,1165)  (3647,1021)  (3683,1021)  (3700,1178)  (3605,998)  (3736,1201)  (3641,985)  (3700,1214)  (3605,962)  (3736,1237)  (3641,949)  (3700,1250)  (3605,926)  (3736,1273)  (3700,1286)  (3605,890)  (3736,1309)  (3700,1322)  (3736,1345)  (3700,1358)  (3736,1381)  (3700,1394)  (3736,1417)  (3700,1430)
Burma  (2157,1351)  (2121,1386)  (2121,1350)  (2192,1387)  (2157,1315)  (2193,1315)  (2156,1422)  (2193,1423)  (2195,1279)  (2231,1277)
sea zone 55  (3481,827)  (3445,862)  (3445,826)  (3516,863)  (3481,791)  (3517,791)  (3517,827)  (3443,790)  (3480,898)  (3444,898)  (3552,863)  (3552,899)  (3516,899)  (3479,755)  (3515,755)  (3551,755)  (3553,791)  (3553,827)  (3435,754)  (3480,934)  (3444,934)  (3569,935)  (3533,935)  (3471,719)  (3507,719)  (3543,719)  (3435,718)  (3579,698)  (3497,970)  (3461,970)  (3569,971)  (3533,971)  (3471,683)  (3507,683)  (3543,683)  (3435,682)  (3579,662)  (3497,1006)  (3461,1006)  (3569,1007)  (3533,1007)  (3471,647)  (3507,647)  (3543,647)  (3435,646)  (3579,626)  (3497,1042)  (3461,1042)  (3569,1043)  (3533,1043)
sea zone 56  (3298,802)  (3262,837)  (3262,801)  (3333,838)  (3298,766)  (3334,766)  (3334,802)  (3298,837)  (3369,840)  (3371,807)  (3369,767)  (3260,765)  (3255,727)  (3290,729)  (3322,729)  (3359,730)  (3253,693)  (3286,694)  (3315,692)  (3349,693)  (3250,657)  (3284,655)  (3320,657)  (3351,655)  (3247,624)
sea zone 57  (3093,776)  (3057,811)  (3057,775)  (3128,812)  (3093,740)  (3129,740)  (3129,776)  (3055,739)  (3092,847)  (3056,847)  (3164,812)  (3164,848)  (3128,848)  (3091,704)  (3127,704)  (3163,704)  (3165,740)  (3165,776)  (3050,703)  (3092,883)  (3056,883)  (3192,884)  (3156,884)  (3086,668)  (3122,668)  (3158,668)  (3050,667)  (3120,919)  (3084,919)  (3192,920)  (3156,920)  (3086,632)  (3122,632)  (3158,632)  (3050,631)  (3120,955)  (3084,955)  (3192,956)  (3156,956)  (3086,596)  (3122,596)  (3158,596)  (3050,595)  (3120,991)  (3084,991)  (3192,992)  (3156,992)  (3086,560)  (3122,560)  (3158,560)  (3050,559)
sea zone 58  (2836,1236)  (2871,1235)  (2908,1235)  (2797,1236)  (2793,1271)  (2829,1273)  (2864,1273)  (2901,1272)  (2789,1307)  (2825,1309)  (2863,1309)  (2899,1309)  (2777,1099)
sea zone 59  (2592,1053)  (2627,1089)  (2591,1089)  (2562,1017)  (2598,1017)  (2628,1053)  (2634,1011)  (2562,980)  (2600,981)  (2634,974)  (2561,944)  (2597,944)  (2634,937)  (2559,909)  (2596,909)  (2633,902)  (2594,872)  (2606,1125)  (2594,834)  (2628,868)  (2458,1294)
sea zone 60  (2935,919)  (2899,954)  (2899,918)  (2970,955)  (2935,883)  (2971,883)  (2971,919)  (2934,990)  (2898,990)  (2863,954)  (2863,918)  (3006,955)  (3006,991)  (2970,991)  (2862,991)  (2937,847)  (2973,847)  (3007,883)  (3007,919)  (3009,845)  (2934,1026)  (2898,1026)  (2827,955)  (3014,1027)  (2978,1027)  (2862,1027)  (2826,1027)  (2826,991)  (2942,811)  (2978,809)  (3014,809)  (2807,919)  (2791,955)  (2790,1053)  (2790,1017)  (2942,775)  (2978,773)  (3014,773)  (2754,1053)  (2754,1017)  (2950,737)  (2986,737)  (2729,981)  (2718,1053)  (2718,1017)  (2955,701)  (2991,701)  (2693,981)  (2951,665)  (2987,665)  (2977,629)  (3013,629)
Norway  (956,348)  (985,384)  (949,384)  (992,318)  (950,420)  (1028,284)  (1069,235)  (1105,206)  (1139,170)  (1175,140)
sea zone 61  (2806,737)  (2770,772)  (2770,736)  (2841,773)  (2806,701)  (2842,701)  (2842,737)  (2768,700)  (2805,808)  (2769,808)  (2804,665)  (2840,665)  (2876,665)  (2878,701)  (2732,721)  (2759,664)  (2733,826)  (2697,845)  (2795,629)  (2831,629)  (2867,629)  (2745,862)  (2709,881)  (2661,842)  (2645,787)  (2719,917)  (2609,769)  (2607,733)  (2573,769)  (2571,733)
Amur  (2700,442)  (2664,477)  (2664,441)  (2735,478)  (2700,406)  (2736,406)  (2736,442)  (2662,405)  (2699,513)  (2663,513)  (2628,477)  (2628,441)  (2771,478)  (2771,514)  (2735,514)  (2627,514)  (2698,370)  (2734,370)  (2770,370)  (2772,406)  (2772,442)  (2626,405)  (2634,369)  (2592,478)  (2592,442)  (2807,478)  (2807,514)  (2795,550)  (2808,383)  (2808,419)  (2556,500)  (2556,464)
sea zone 62  (3071,375)  (3035,358)  (3106,411)  (3070,411)  (3099,339)  (3107,375)  (3034,419)  (3135,311)  (3143,347)  (3143,383)  (3137,275)  (3171,311)  (2963,445)  (2956,409)  (2956,373)  (2927,445)  (2920,409)  (2920,373)  (3216,206)  (3188,170)  (3195,134)  (3199,98)  (3201,62)  (3209,26)
Denmark  (969,617)  (933,616)  (1003,616)  (932,580)  (967,580)  (955,477)  (935,502)  (935,542)
Mexico  (3699,888)  (3729,924)  (3662,886)  (3734,886)  (3693,922)  (3695,958)  (3729,960)  (3696,992)
Greenland  (372,40)  (336,75)  (336,39)  (407,76)  (372,4)  (408,4)  (408,40)  (334,3)  (371,111)  (335,111)  (300,75)  (300,39)  (443,76)  (420,112)  (299,112)  (444,0)  (444,36)  (298,3)  (384,147)  (348,147)  (264,76)  (264,40)  (479,72)  (312,148)  (480,0)  (480,36)  (262,4)  (365,183)  (329,184)  (516,0)  (516,36)  (365,219)